forwarddiffn = [2, 3, 4, 5, 6, 7, 8, 9, 10, 12, 15] 
forwarddiff = [0.00501527, 0.0229079, 0.0947407, 0.308007, 0.926663, 2.53544, 6.47831, 14.8119, 30.9211, 121.652, 734.086] 
reversediffn = 2:10 
reversediff = [0.0528868, 0.790081, 3.70937, 14.953, 8.59622, 36.038, 82.3137, 231.215, 639.295] 
numdiffn = [2, 3, 4, 5, 6, 7, 8, 9, 10, 12] 
numdiff = [0.0378072, 0.195756, 1.10043, 3.80681, 14.3387, 39.443, 98.8493, 172.703, 279.643, 699.851] 
csan = [2, 3, 4, 5, 6, 7, 8, 9, 10, 12, 15, 17] 
csa = [0.013816, 0.086518, 0.278128, 0.691497, 1.77853, 3.64246, 6.97911, 13.6297, 22.8916, 63.6349, 234.563, 488.166] 
csaseedn = [2, 3, 4, 5, 6, 7, 8, 9, 10, 12, 15, 20, 25, 30] 
csaseed = [0.0140193, 0.0914346, 0.201518, 0.473421, 0.96278, 1.73154, 2.90554, 4.73508, 6.92449, 13.4779, 33.3507, 95.8171, 235.236, 460.683] 
