forwarddiffn = [2, 3, 4, 5, 6, 7, 8, 9, 10, 12, 15] 
forwarddiff = [0.001513821, 0.016530302, 0.116251223, 0.506471707, 1.777335112, 5.921227121, 15.859609999, 41.323563987, 84.16157007, 403.225810417, 2341.750695615] 
reversediffn = 2:10 
reversediff = [0.090076063, 0.396340791, 2.05833528, 5.239481805, 16.31537813, 50.80824912, 216.598713691, 1252.951606909, 2854.093313031] 
numdiffn = [2, 3, 4, 5, 6, 7, 8, 9, 10, 12] 
numdiff = [0.008685989, 0.067104727, 0.199068032, 0.590606851, 1.573309558, 3.997147877, 9.181804065, 20.354260742, 35.72419831, 103.31489864] 
csan = [2, 3, 4, 5, 6, 7, 8, 9, 10, 12, 15, 17] 
csa = [[0.012166823, 0.004870513, 0.004363586, 0.003418681, 0.001911244, 0.002411334], [0.190181434, 0.075514432, 0.022243351, 0.046852216, 0.017181689, 0.012270632], [0.90770796, 0.317102258, 0.070917532, 0.198588212, 0.083681796, 0.03054981], [3.659011567, 1.332534555, 0.163879726, 0.569202852, 0.224809066, 0.050016352], [10.826029412, 3.194443426, 0.247337869, 1.70163166, 0.39498453, 0.063889775], [21.885058982, 6.39209047, 0.366431344, 3.496770765, 0.975248276, 0.215740975], [50.092345303, 18.904729566, 0.723004943, 8.284998011, 2.884778514, 0.231785791], [96.360856538, 34.309846421, 1.306014472, 18.705229107, 4.878912946, 0.337485006], [251.801234058, 52.4102742, 1.461364918, 31.579054595, 10.274173752, 0.448217055], [667.280670649, 163.682154961, 3.063383653, 95.33073916, 25.09097184, 0.780240093], [2895.758885348, 703.44392783, 7.595362141, 406.471744571, 85.224286848, 2.013780239], [6846.498881508, 1192.519407907, 11.015353417, 835.052606459, 172.362494687, 2.687352558]] 
