forwarddiffn = [2, 3, 4, 5, 6, 7, 8, 9, 10, 12, 15] 
forwarddiff = [0.001513821, 0.016530302, 0.116251223, 0.506471707, 1.777335112, 5.921227121, 15.859609999, 41.323563987, 84.16157007, 403.225810417, 2341.750695615] 
reversediffn = 2:10 
reversediff = [0.090076063, 0.396340791, 2.05833528, 5.239481805, 16.31537813, 50.80824912, 216.598713691, 1252.951606909, 2854.093313031] 
numdiffn = [2, 3, 4, 5, 6, 7, 8, 9, 10, 12] 
numdiff = [0.008685989, 0.067104727, 0.199068032, 0.590606851, 1.573309558, 3.997147877, 9.181804065, 20.354260742, 35.72419831, 103.31489864] 
csan = [2, 3, 4, 5, 6, 7, 8, 9, 10, 12, 15, 17] 
csa = [[0.011950617, 0.004360529, 0.096081404, 0.003262436, 0.001802237, 0.050993696], [0.18837969, 0.075596537, 0.923292233, 0.03949685, 0.016449084, 0.503270977], [0.904631045, 0.29912063, 3.240763106, 0.169265915, 0.066174076, 1.473514644], [3.237387891, 1.435093601, 9.406793489, 0.561558154, 0.188370942, 3.275763042], [9.697716222, 2.902274925, 17.162795441, 1.355348899, 0.376708329, 4.710080741], [22.242223764, 6.7906804, 24.343106205, 3.443822201, 0.946668239, 10.35943492], [49.300677149, 15.970591215, 44.165776232, 7.21065735, 2.455078321, 21.737183313], [92.874493648, 32.02647401, 73.347567363, 16.156896666, 4.22266161, 26.377897609], [249.47065266, 50.145782294, 96.865396917, 28.820857096, 9.216187977, 45.605628567], [664.122901999, 162.019801118, 221.018893629, 92.457558001, 25.28902586, 85.114032987], [2940.518316232, 672.186570076, 448.823786593, 404.293784116, 83.039358081, 152.40022425], [6844.176955563, 1189.969715119, 734.510687458, 829.020224663, 170.083949111, 286.518086134]] 
