forwarddiffn = [2, 3, 4, 5, 6, 7, 8, 9, 10, 12, 15] 
forwarddiff = [0.002545719, 0.021894005, 0.125106419, 0.59762686, 1.789365538, 5.842562545, 15.0251418, 35.863158584, 79.58935158, 318.627673196, 2089.914787496] 
reversediffn = 2:10 
reversediff = [0.04004681, 0.33491673, 1.048524761, 5.221279728, 19.235954756, 61.244092872, 247.460613243, 697.781855709, 3913.983338589] 
numdiffn = [2, 3, 4, 5, 6, 7, 8, 9, 10, 12] 
numdiff = [0.017499593, 0.166833001, 0.309737497, 0.938680282, 2.191298466, 5.302610955, 12.689034385, 26.819873635, 46.027392056, 130.911991325] 
csan = [2, 3, 4, 5, 6, 7, 8, 9, 10, 12, 15, 17] 
csa = [[0.020767304, 0.011301017, 0.118257094, 0.007161673, 0.004949552, 0.036198979], [0.237109985, 0.106365521, 0.792300222, 0.06118147, 0.03763321, 0.446933765], [1.114513637, 0.429339783, 2.596101726, 0.196170625, 0.113601914, 1.077864869], [4.578365755, 1.963389326, 7.396767316, 0.751443531, 0.314185336, 2.428017135], [18.246484166, 6.087831379, 13.990557384, 2.4734832, 0.733378505, 4.411557675], [40.725923437, 13.913552464, 25.6022142, 6.501473972, 1.935965161, 10.868631793], [74.690630744, 31.704249902, 39.986892152, 18.720594351, 5.52387036, 16.770324556], [174.467056841, 68.907388022, 66.113225206, 29.584359606, 11.004718129, 29.516882364], [342.125685836, 93.46406899, 92.965289539, 43.905338515, 20.302721994, 41.281484991], [812.456054328, 260.04052032, 193.575072353, 137.072771313, 48.071533085, 67.075547738], [3647.897956813, 1018.853984142, 406.24622908, 505.038046915, 167.174287424, 137.570502866], [6829.428957142, 2017.604905853, 627.724273939, 1028.925626258, 340.244106849, 230.966340581]] 
csacompiled = [[0.018407145, 0.011463571], [0.133809377, 0.085370683], [0.40956731, 0.178643512], [1.153739268, 0.429309375], [2.440135387, 0.817294537], [4.355021375, 1.7789878], [8.371560232, 3.324506159], [14.008725261, 5.060651447], [20.434845707, 8.404455501], [44.742675704, 15.062490822], [94.771825847, 32.697894242], [128.311940896, 49.441156405]] 
