forwarddiffn = [2, 3, 4, 5, 6, 7, 8, 9, 10, 12, 15] 
forwarddiff = [0.00162055, 0.0111969, 0.0581327, 0.248753, 0.773149, 2.22458, 5.65041, 12.9474, 28.0265, 113.049, 700.424] 
reversediffn = 2:10 
reversediff = [0.060309, 0.813603, 1.79245, 5.41533, 9.75695, 29.7226, 77.7142, 228.202, 635.111] 
numdiffn = [2, 3, 4, 5, 6, 7, 8, 9, 10, 12] 
numdiff = [0.0127552, 0.0585618, 0.471714, 1.58076, 5.24639, 10.6599, 32.6239, 40.2852, 72.0952, 167.578] 
csan = [2, 3, 4, 5, 6, 7, 8, 9, 10, 12, 15, 17] 
csa = [0.0079378, 0.016687, 0.0469024, 0.113321, 0.268418, 0.534189, 1.09683, 2.11925, 3.65199, 11.1171, 41.3628, 84.9172] 
csaseedn = [2, 3, 4, 5, 6, 7, 8, 9, 10, 12, 15, 20, 25, 30] 
csaseed = [0.0141283, 0.0413219, 0.105436, 0.212613, 0.384947, 0.635966, 1.051, 1.61992, 2.37411, 4.7767, 9.74982, 31.3879, 70.9646, 143.37] 
