forwarddiffn = [2, 3, 4, 5, 6, 7, 8, 9, 10, 12, 15] 
forwarddiff = [0.00155068, 0.0111953, 0.0513708, 0.236078, 0.737083, 2.07653, 5.45573, 12.0085, 26.9446, 104.392, 638.369] 
reversediffn = 2:10 
reversediff = [0.0390771, 0.573461, 0.968143, 3.24979, 12.1515, 25.7771, 65.7203, 190.644, 540.588] 
numdiffn = [2, 3, 4, 5, 6, 7, 8, 9, 10, 12] 
numdiff = [0.0102715, 0.0628904, 0.471062, 1.62187, 5.33854, 10.6593, 27.0762, 40.2541, 73.48, 169.364] 
csan = [2, 3, 4, 5, 6, 7, 8, 9, 10, 12, 15, 17] 
csa = [0.018133, 0.0229115, 0.0681621, 0.212277, 0.499303, 1.28463, 2.50513, 4.25103, 8.29455, 23.9533, 79.8186, 197.647] 
csaseedn = 2:10 
csaseed = [0.237214, 1.4581, 3.30341, 9.42576, 19.5173, 43.8259, 76.3489, 103.962, 208.485] 
