forwarddiffn = [2, 3, 4, 5, 6, 7, 8, 9, 10, 12, 15] 
forwarddiff = [0.00508229, 0.0229921, 0.0951008, 0.291252, 0.888933, 2.4643, 6.01017, 14.0864, 29.8306, 118.141, 718.537] 
reversediffn = 2:10 
reversediff = [0.0460605, 0.596277, 3.29976, 13.6127, 8.43774, 33.6768, 80.3912, 225.577, 626.303] 
numdiffn = [2, 3, 4, 5, 6, 7, 8, 9, 10, 12] 
numdiff = [0.0385248, 0.194806, 5.68851, 2.31387, 6.8081, 13.3819, 32.3192, 48.7314, 86.3215, 203.686] 
csan = [2, 3, 4, 5, 6, 7, 8, 9, 10, 12, 15, 17] 
csa = [0.0153733, 0.0526783, 0.13152, 0.29808, 0.634381, 1.24466, 2.41281, 4.54977, 7.50276, 22.0664, 73.8546, 155.377] 
csaseedn = [2, 3, 4, 5, 6, 7, 8, 9, 10, 12, 15, 20, 25, 30] 
csaseed = [0.0149329, 0.0434155, 0.120485, 0.230418, 0.395656, 0.643656, 1.07718, 1.61797, 2.36862, 4.96368, 11.0316, 31.6512, 68.7312, 140.551] 
