csan = [2, 3, 4, 5, 6, 7, 8, 9, 10, 12, 15, 17] 
csavjp = [[0.004223823, 0.2004167, 0.010606302, 0.002446421, 0.04083409, 0.009862558], [0.022821015, 0.917481022, 0.102269832, 0.01197266, 0.48576725, 0.080546575], [0.06898587, 3.107676484, 0.286231495, 0.021971896, 1.285381442, 0.155880778], [0.156882407, 8.796401824, 0.743631434, 0.048070984, 2.971662117, 0.309566375], [0.234173335, 15.567151467, 1.368555406, 0.06793907, 4.885079894, 0.483082841], [0.393835841, 25.061359116, 2.225587705, 0.122250824, 10.741867853, 1.041176261], [0.636368907, 46.322106488, 4.761993955, 0.20662791, 22.514627129, 2.014903237], [1.085393319, 76.970838337, 9.021362479, 0.290904523, 27.859454815, 2.655961216], [1.398610393, 101.026997807, 10.063980866, 0.389863398, 47.20094673, 5.566288876], [2.933193116, 230.001218462, 23.670913772, 0.725927131, 85.920131712, 8.625023863], [7.13381574, 557.835016026, 58.071009478, 1.991731264, 164.708768409, 20.015719042], [10.771080869, 748.314848391, 93.861762407, 2.946059412, 287.448199157, 35.692650812]] 
