lv = [0.0, 3.510283083, 1.471153441, 1.822123753, 1.839111447, 0.096499301] 
bruss = [0.0, 0.75979427, 52.222559412, 51.86818271, 51.860615503, 7.825603819] 
pollution = [0.0, 0.024982771, 0.931391871, 0.932401003, 0.928330119, 0.13019235] 
pkpd = [0.0, 9.538532508, 12.344124466, 12.503267613, 12.486813846, 171.433820186] 
