lv = [0.0, 4.052970073, 1.072278396, 1.944989297, 1.867066805, 0.137334524] 
bruss = [0.0, 0.748867702, 52.686077534, 53.278754485, 53.089878765, 6.85641269] 
pollution = [0.0, 0.025699093, 1.071399781, 0.94724983, 0.936561462, 0.100741233] 
pkpd = [0.0, 10.830085732, 14.18821137, 14.046600568, 14.02113481, 186.508681968] 
