lv = [0.851087707888889, 3.936453978888889, 1.131365331888889, 1.8727500792222225, 1.8708283502222223, 0.12797863622222225] 
bruss = [24.93496145, 0.729717241, 52.42195772, 52.695231003, 52.720076692, 7.373840923] 
